AAA111 0 4560 0 4500 200 18 / 02 / 04
ASD375 0 4500 0 5400 1400 19 / 01 / 03
BDR234 0 2300 0 2300 100 18 / 12 / 14
CRT295 0 1000 0 1200 200 18 / 08 / 12
DYT873 0 7800 0 2400 1200 19 / 04 / 24
EGT123 0 6400 0 6500 1000 19 / 03 / 05
FYR720 0 5200 0 7600 2300 19 / 01 / 08
GJT300 0 2300 0 6700 200 18 / 01 / 04
QYE223 0 3400 0 9500 2500 19 / 04 / 25
TRE123 0 4890 0 1000 200 18 / 12 / 01
TED123 0 8970 0 1600 100 18 / 10 / 24
TSH345 0 3400 0 1700 100 18 / 08 / 18
WSH163 0 7200 0 7400 1300 19 / 03 / 04
zzz999 99 9999 99 99999 9999 99 / 99 / 99